54.1676,
102.677,
120.666,
101.37,
68.3046,
49.8819,
45.8933,
45.0021,
44.7346,
39.8054,
37.8659,
37.7635,
37.2313,
37.0246,
36.5798,
36.1849,
36.4071,
35.6645,
36.0519,
34.0505,
34.1996,
33.8129,
34.08,
33.5923,
33.801,
33.4764,
33.7774,
33.6719,
33.6454,
33.6029,
33.5858,
33.5383,
33.5027,
33.4603,
33.6036,
33.4231,
33.4418,
33.3635,
33.3904,
33.3509,
33.3306,
33.3583,
33.3641,
33.3156,
33.3401,
33.3249,
33.3305,
33.331,
33.306,
33.3065,
33.3083,
33.3525,
33.3121,
33.323,
33.3031,
33.302,
33.3109,
33.3361,
33.3094,
33.3001,
33.2928,
33.2985,
33.3134,
33.294,
33.2953,
33.2869,
33.3053,
33.2755,
33.2832,
33.2646,
33.2579,
33.2226,
33.2135,
33.16,
33.1298,
33.0723,
33.0361,
32.9678,
32.9459,
32.9623,
33.7228,
32.4583,
32.2094,
32.1965,
32.1878,
32.1842,
32.1885,
32.178,
32.1804,
32.1823,
32.1721,
32.1552,
32.1561,
32.1367,
32.1287,
32.1285,
32.0854,
32.076,
32.0446,
32.0347,
31.9996,
31.9943,
31.9609,
31.9471,
31.9243,
31.9007,
31.8458,
31.7972,
31.7332,
32.4667,
31.2828,
31.1596,
31.1385,
31.1122,
31.1264,
31.1013,
31.1207,
31.1141,
31.0984,
31.0926,
31.0929,
31.078,
31.0849,
31.0755,
31.0877,
31.0833,
31.0852,
31.0779,
31.095,
31.0797,
31.0904,
31.1687,
31.0888,
31.0761,
31.1762,
31.1591,
31.1708,
31.1555,
31.1704,
31.1551,
31.1775,
31.1523,
31.175,
31.1543,
31.1716,
31.151,
31.1735,
31.1522,
31.1705,
31.1546,
31.1694,
31.1559,
31.1656,
31.1447,
31.1576,
31.1433,
31.1542,
31.1384,
31.1472,
31.1343,
31.1541,
31.1336,
31.1528,
31.1345,
31.1472,
31.1326,
31.1468,
31.1329,
31.1458,
31.1347,
31.1458,
31.1336,
31.1425,
31.134,
0,
0,
0,
0,
0,
0,
0,
0,
0,
0,
0,
0,
0,
0,
0,
0,
0,
0,
0,
0,
0,
0,
0,
0,
0,
0,
0,
0,
0,
0,
0,
0,
0,
0,
0,
0,
0,
0,
0,
0,
0,
0,
0,
0,
0,
0,
0,
0,
0,
0,
0,
0,
0,
0,
0,
0,
0,
0,
0,
0,
0,
0,
0,
0,
0,
0,
0,
0,
0,
0,
0,
0,
0,
0,
0,
0,
0,
0,
0,
0,
0,
0,
0,
0,
0,
0,
0,
0,
0,
0,
0,
0,
0,
0,
0,
0,
0,
0,
0,
0,
0,
0,
0,
0,
0,
0,
0,
0,
0,
0,
0,
0,
0,
0,
0,
0,
0,
0,
0,
0,
0,
0,
0,
0,
0,
0,
