0.247983,
0.247983,
0.247983,
0.247983,
0.247983,
0.247983,
0.247983,
0.247983,
0.247983,
0.341245,
0.340639,
0.341245,
0.336716,
0.336783,
0.336716,
0.341279,
0.340673,
0.341279,
8.56078e-07,
7.72957e-07,
8.56078e-07,
0.316547,
0.315012,
0.316547,
8.25094e-07,
7.61923e-07,
8.25094e-07,
0.364974,
0.365804,
0.364974,
0.316894,
0.3158,
0.316894,
0.361375,
0.362028,
0.361375,
0.356337,
0.35647,
0.356337,
0.32355,
0.324759,
0.32355,
0.345812,
0.346731,
0.345812,
0.344638,
0.341582,
0.344638,
0.323495,
0.328482,
0.323495,
0.319037,
0.320065,
0.319037,
0.5,
0.5,
0.5,
0.5,
0.5,
0.5,
0.5,
0.5,
0.5,
0.500001,
0.5,
0.500001,
1.22942e-05,
1.10427e-05,
1.22942e-05,
0.500001,
0.5,
0.500001,
1,
1,
1,
4.91351e-07,
4.37133e-07,
4.91351e-07,
1,
1,
1,
0.500003,
0.500005,
0.500003,
4.06035e-07,
3.98347e-07,
4.06035e-07,
0.500002,
0.500003,
0.500002,
0.500002,
0.500002,
0.500002,
4.44452e-07,
5.01354e-07,
4.44452e-07,
0.500001,
0.500001,
0.500001,
0.500003,
0.500002,
0.500003,
3.48238e-07,
4.836e-07,
3.48238e-07,
6.65158e-07,
7.21244e-07,
6.65158e-07,
0.5,
0.5,
0.5,
0.5,
0.5,
0.5,
0.5,
0.5,
0.5,
1,
1,
1,
0.999994,
0.999994,
0.999994,
1,
1,
1,
0.499999,
0.499999,
0.499999,
1,
1,
1,
0.499999,
0.499999,
0.499999,
1,
1,
1,
1,
1,
1,
1,
1,
1,
1,
1,
1,
1,
1,
1,
1,
1,
1,
1,
1,
1,
1,
1,
1,
1,
1,
1,
0.5,
0.5,
0.5,
0.5,
0.5,
0.5,
0.5,
0.5,
0.5,
0.499999,
0.5,
0.499999,
0.999999,
0.999999,
0.999999,
0.499999,
0.5,
0.499999,
0.5,
0.5,
0.5,
1,
1,
1,
0.5,
0.5,
0.5,
0.5,
0.5,
0.5,
1,
1,
1,
0.500001,
0.500001,
0.500001,
0.500001,
0.500001,
0.500001,
1,
1,
1,
0.500002,
0.500001,
0.500002,
0.500002,
0.500002,
0.500002,
1,
1,
1,
1,
1,
1,
