5.19671e-11,
5.19671e-11,
5.19671e-11,
5.19671e-11,
5.19671e-11,
5.19671e-11,
5.19671e-11,
5.19671e-11,
5.19671e-11,
0.455564,
0.454652,
0.455564,
0.322889,
0.327797,
0.322889,
0.455598,
0.454738,
0.455598,
0.424387,
0.427401,
0.424387,
0.341722,
0.343884,
0.341722,
0.424459,
0.42754,
0.424459,
0.391026,
0.391763,
0.391026,
0.333646,
0.331264,
0.333646,
0.391254,
0.391496,
0.391254,
0.354459,
0.355271,
0.354459,
0.328587,
0.324681,
0.328587,
0.354877,
0.352629,
0.354877,
0.319865,
0.319236,
0.319865,
0.334718,
0.324572,
0.334718,
0.317309,
0.313024,
0.317309,
0.5,
0.5,
0.5,
0.5,
0.5,
0.5,
0.5,
0.5,
0.5,
0.581968,
0.619878,
0.581968,
0.6577,
0.676813,
0.6577,
0.581632,
0.619536,
0.581632,
0.46102,
0.462943,
0.46102,
0.710465,
0.713322,
0.710465,
0.461773,
0.463306,
0.461773,
0.541261,
0.524954,
0.541261,
0.707147,
0.700872,
0.707147,
0.553194,
0.537362,
0.553194,
0.557761,
0.5444,
0.557761,
0.705728,
0.697597,
0.705728,
0.604448,
0.59189,
0.604448,
0.536718,
0.547712,
0.536718,
0.724169,
0.705912,
0.724169,
0.63498,
0.621808,
0.63498,
0.5,
0.5,
0.5,
0.5,
0.5,
0.5,
0.5,
0.5,
0.5,
0.366961,
0.364368,
0.366961,
0.44634,
0.437959,
0.44634,
0.366955,
0.364326,
0.366955,
0.399231,
0.395834,
0.399231,
0.41894,
0.416764,
0.41894,
0.399097,
0.395657,
0.399097,
0.422615,
0.423415,
0.422615,
0.423669,
0.42729,
0.423669,
0.421225,
0.422477,
0.421225,
0.447504,
0.448528,
0.447504,
0.426351,
0.431277,
0.426351,
0.440372,
0.443771,
0.440372,
0.47291,
0.470697,
0.47291,
0.415475,
0.427739,
0.415475,
0.454702,
0.459745,
0.454702,
0.5,
0.5,
0.5,
0.5,
0.5,
0.5,
0.5,
0.5,
0.5,
0.700756,
0.695999,
0.700756,
0.484045,
0.471081,
0.484045,
0.700821,
0.696141,
0.700821,
0.663979,
0.668995,
0.663979,
0.449035,
0.448454,
0.449035,
0.664035,
0.669178,
0.664035,
0.621511,
0.623433,
0.621511,
0.442365,
0.44691,
0.442365,
0.620048,
0.621914,
0.620048,
0.575551,
0.579324,
0.575551,
0.438105,
0.4429,
0.438105,
0.562335,
0.564122,
0.562335,
0.548937,
0.542588,
0.548937,
0.422466,
0.43354,
0.422466,
0.491688,
0.496043,
0.491688,
